1.0
1.0
1.0
Residencial

100000.0
10.0
0.1
10000.0
10000.0

300000.0
20.0
0.08
10000.0
10000.0

800000.0
10.0
1.0
10.0
5.0

500000.0
30.0
1.0
10.0
5.0

1.0
1.0
1.0
Residencial

100000.0
10.0
0.1
10000.0
10000.0

300000.0
20.0
0.08
10000.0
10000.0

800000.0
10.0
1.0
10.0
5.0

500000.0
30.0
1.0
10.0
5.0

1.0
1.0
1.0
Residencial

100000.0
10.0
0.1
10000.0
10000.0

300000.0
20.0
0.08
10000.0
10000.0

800000.0
10.0
1.0
10.0
5.0

500000.0
30.0
1.0
10.0
5.0

11.0
1.0
1.0
Residencial

100000.0
10.0
0.1
10000.0
10000.0

300000.0
20.0
0.08
10000.0
10000.0

800000.0
10.0
1.0
10.0
5.0

500000.0
30.0
1.0
10.0
5.0

21000.0
13.0
6.17
1.0
1.0

100000.0
10.0
0.1
10000.0
10000.0

300000.0
20.0
0.08
10000.0
10000.0

800000.0
10.0
1.0
10.0
5.0

500000.0
30.0
1.0
10.0
5.0

